MITBIH:
[[        -inf  97.38256446 130.21480368 122.93794593 158.3723073 ]
 [ 97.38256446         -inf 121.18515616 155.77845143 153.66564946]
 [130.21480368 121.18515616         -inf 111.95338156 144.00207523]
 [122.93794593 155.77845143 111.95338156         -inf 184.5510708 ]
 [158.3723073  153.66564946 144.00207523 184.5510708          -inf]]

MITBIH - PTB:
85.27793493414757

MITBIH UMAP:
[[      -inf 3.18181033 4.47627796 4.01162725 7.44668247]
 [3.18181033       -inf 4.47999653 6.01391572 8.16861455]
 [4.47627796 4.47999653       -inf 4.46820363 6.88031258]
 [4.01162725 6.01391572 4.46820363       -inf 8.30013656]
 [7.44668247 8.16861455 6.88031258 8.30013656       -inf]]

 MITBIH-PTB UMAP:
6.105985637478035